2474829
4666333
3977219
3014895
1247617
1581928
4808145
206949
2287783
3701682
1469944
985675
1868785
1724309
2067791
3482816
4532260
2885070
2656773
4601828
2673132
1044008
4074502
1560216
4613769
4018186
551286
2864727
3518120
855769
3532059
2959280
2094220
2944139
980887
2230943
3047851
3125578
2649618
2441351
3380821
675520
2516534
2617359
4283279
3696453
1510804
2393110
1909502
3782307
3099556
4449428
2270399
334210
2677033
816590
2404819
3487029
2588851
4530805
3265592
3515807
1353278
4891996
3696979
1097923
701304
2108181
120200
4924392
4534112
2910951
2770028
2992037
3016458
546925
4837074
3693198
4080255
3730510
387650
1602939
3114881
338772
861768
2148913
3045163
3111979
694376
1664944
895031
1711417
1566127
2550105
2168154
3880724
1465700
1391737
2333642
3562660
1600990
665910
4765599
3014679
3211311
1385556
3569431
4602298
809406
3870373
2371124
4848315
3796339
1289931
500544
4479160
2769995
673259
2128945
4322627
961291
2442032
3045991
2789109
4461776
3079545
4154257
4288171
119877
1893409
4426096
4424418
301295
1722408
1465332
3759147
107171
3561538
4547074
964682
2278743
3441532
2221655
2763377
858005
2028487
2993862
2077140
1511499
1910691
1974173
3543465
4382592
4269225
1308646
444670
1841569
985461
3330441
2765302
767993
4667054
1192847
4357729
971328
1891315
1532289
1876599
2440778
3041379
83055
2516593
4779168
3811849
1969100
1329413
4603692
2867491
242358
2722044
4182541
3847565
2482132
602929
3130763
3648015
2829849
2075432
3084580
716415
1120485
393800
2322501
902612
1094282
4856502
1858324
226697
4670379
3430224
159338
4474346
2831361
4056771
4045470
1136959
1822135
3107658
1608189
2018066
4945333
1299332
3755093
1383517
41595
2968752
2278640
1990933
2333795
1853255
1629918
4907213
1257161
3945845
4572332
1560713
1393606
703798
1110449
278496
2511639
3714058
4330310
4256588
620060
960276
1229013
277522
1830141
2127637
4982538
956616
1875431
2075455
442471
2318472
774900
3237497
3995252
2110960
3782057
3425646
1986515
2297234
4833944
2388562
4367346
4725631
2595174
1441075
3990553
2390123
4420647
4574839
3550691
2813
1389541
2868984
2587849
3825910
4805632
3894329
4538714
2335803
3554735
2408643
3327495
556352
4656292
1047776
2349274
2950867
4574542
4093043
3022663
2559107
4566328
22130
3427611
3571691
3891919
4465090
2517713
2567326
3493057
2963053
776323
325040
157056
827266
2392894
2430495
523429
1220042
3293422
2667293
1458034
2180258
3772984
2750971
1858800
577210
305319
1588659
1065911
2080169
3826173
1779538
2298892
4764458
4264619
3652224
3363684
487351
3336861
4176494
1490055
2134848
3855212
1111194
4134928
4251848
2693879
2643010
2291217
2368093
1176780
1230691
1223443
237618
1447615
2364844
2358906
2364954
7709
901188
4302791
3061539
3295227
2464949
3140216
749389
276391
3056691
1864522
3137574
565248
3861389
4228574
1370563
1448162
1947247
4875066
4092124
3621497
1227025
4764134
2504837
4982007
3983168
3455606
1590085
2101408
4555719
351528
783381
60866
4471162
4494691
4486711
4783491
4166558
359904
907951
3823698
4602936
1497380
3544162
4317952
2772977
776619
3278730
202471
1522850
3665249
3242900
843656
4309634
1712521
4881751
3069043
3400937
987201
1780144
571039
959680
1824668
933438
3711642
4766792
738415
1741431
4574042
1081219
1946152
3895845
1160049
832194
294103
3960577
1693855
4501324
555281
4943722
4763905
860392
1304553
2984066
943464
608712
4902879
456678
1309189
1034002
1863829
4262471
3051135
432779
4526140
1025642
1544615
950370
1927118
2272056
244035
2820759
2860020
3618434
2793735
3424774
4162695
3852374
3669602
771540
1893043
1397238
4172531
2880373
1261368
4417979
1304156
4503383
644554
4696070
1365423
894638
1140057
56094
4464582
4460317
3573611
4250155
2399471
24894
429220
3767886
472643
4706126
1597415
389403
2991064
2294615
2579188
1512524
3874492
872311
384387
835202
2339260
4694191
835667
3177385
3081955
4737072
2718284
4984824
3075506
915182
502665
131510
1237225
1940364
1230616
4095669
2609614
4468310
3084749
4772447
3615580
2218855
4948547
2522344
1443339
2453803
4570096
2043043
4508728
1628223
4715236
1143537
2070962
3789621
2531678
4062227
647521
181299
1748683
920993
783250
4278267
2134300
184468
4416098
4133445
1738114
4666621
2020935
789256
3997577
2049624
906742
3399512
1367950
2934587
397364
4823849
930399
2187113
1062845
2005105
714733
1086788
4600778
1995820
96816
849310
4651971
3291257
4366744
2639664
4921857
2427489
4778347
3086051
2781054
2100344
4668800
3401164
2949532
1025309
825046
1603957
3474447
365276
2948113
3903446
1533031
540658
1352467
4861795
2021629
665200
1741747
961151
161082
2540472
126813
2275662
4087679
20708
1614022
3719720
2320436
698759
1640905
1990825
2367216
4557003
2347043
8997
1057282
704249
3399560
604793
1751642
1267352
2067872
4857148
533847
3881388
2098273
4314389
2361710
1973279
420938
2557606
2465012
1491390
1990649
2046566
1725832
3337562
4279657
1651853
3765471
2735951
2823500
209704
1891565
864481
346945
3528012
2137709
2249858
229426
3843303
878797
1573680
311693
4614258
1025465
1720635
1965853
2598466
2776643
2366244
3427396
3027966
3430956
1389025
1916695
1464363
4041362
584126
1595798
1652771
3390069
3701213
3105926
2002277
3080359
875998
4319277
4355589
2032720
360793
3300714
4960708
3881755
2866184
197934
2646266
1471297
3963010
4458267
3117936
734896
4564002
2402359
3745802
3083287
4519750
687565
44385
4755601
4499635
725024
1458799
285931
1397974
3260365
4987940
1955092
1816294
2336764
989077
1309088
1417509
809666
2632660
534457
4622148
2249879
968474
1390690
3890150
125807
2824353
4171049
3232637
2454391
714767
1116457
4310097
3620077
670540
3581881
4326751
3461468
3684084
1406901
1695646
664371
335912
4818790
1262172
1630337
4955647
691217
495495
4116560
3000666
582937
368712
3536923
237462
3059729
4451402
339628
3965914
4558946
3390745
4340695
2586255
3373718
1329061
1735692
2868847
3817791
2965861
3887453
4125495
1760646
1736216
928781
2155830
2815315
4442790
3458193
451336
3606486
4595878
2695526
4706844
203249
1919609
1525838
3862384
2469186
1854483
1205928
1875231
101712
398874
1684843
2708112
120017
4829606
117951
424400
4846037
1631593
662072
2468602
3473683
2311720
3726383
2085459
1287118
288295
4849471
2136754
2068644
3613155
789465
143004
533235
403257
2049349
3773806
3444968
328740
3878838
2439603
820069
2659427
1907335
1200918
4360334
4029049
4976728
2279793
3645489
3302414
2781632
4300099
4464656
834291
2249965
3111680
2509772
4249155
3382623
92931
4673775
2683813
1897405
4270367
1627541
405805
2519379
1820819
3411256
3992162
2464809
3093723
1273879
3383322
4610817
1163427
1625155
4830530
513964
2646167
3694470
927162
2455689
194261
1056368
731805
1871131
3654020
741311
2380190
1452870
3031934
2999722
1945038
2712230
2202665
3649994
938234
1741260
374755
2283430
2374640
907478
3494875
116569
34402
1325290
4938301
30306
1283364
1816335
2010181
367880
4522768
1487656
3687605
2908648
1436105
2330381
3234274
3360924
2195292
1025287
1118568
4987274
2935938
4792744
1778109
3521926
1903938
2456261
815907
618149
3306611
4980370
4655159
2413599
2840607
93528
1827111
4385696
164356
131157
2320897
1242923
3159732
2320048
1425702
1464811
4993052
4258775
3539485
4126232
2237793
2876983
4563203
1757506
2343462
555287
58272
1160702
2553898
3001426
1488470
3278762
1620559
3129263
305267
1113950
3630069
1416478
3512805
349488
4970949
1750993
3007181
2800548
577162
2355381
2132780
3595055
3068921
1583692
3521978
2552614
3552337
1357609
4276629
4025352
4776349
2195911
2103255
1370404
278807
1795845
924032
2455976
414119
2553218
1715282
3932808
3537737
1587921
3415100
212935
3296972
4183385
1240430
4748069
3365430
785100
269835
3655333
3160389
3364290
4892733
2927482
4643472
1057201
877794
4367566
563660
4833995
3804579
93806
4035947
780724
2984230
1138453
675103
4135263
2263385
4289171
1102333
4872772
3753327
3828761
1071164
929280
478760
2992228
2712988
3432520
3384712
546948
2684515
4027403
4135465
1962952
1081026
4123172
3181804
3988808
2450519
2619129
2027083
1578127
3047628
1718579
2435466
3455010
3304604
4997274
2912524
2785457
4331958
3107340
3960450
1039385
112890
1095641
3354622
2880596
1269856
2652862
1928678
1002302
2337720
3000445
4979459
1116164
1010444
1837461
2589881
472939
2383841
1510371
3677713
2156795
2487196
1609749
4730226
2950406
2083778
2486278
4951343
94872
480152
4012411
4419002
4346812
2616041
35001
262133
3642473
1124326
410817
4986985
2642440
4654887
195690
2327696
2449891
179088
4424601
4508620
97835
2129871
2535135
2181435
2559462
4763649
739118
1351266
2765427
4071412
752249
1192134
2939835
2437767
2157224
1515481
3016950
1335662
4950005
2287826
385559
1634706
3604518
1123093
3391574
4582741
924263
1611026
4193495
3031027
152643
507690
939196
4112516
1818559
2884043
4419780
2532190
2520019
1911452
3783262
879767
1371782
1916692
1543566
351655
3374629
369509
2425595
4382636
3975839
4775702
4690
1184968
377728
2653231
532571
2573477
4210568
4728461
4942294
768729
83239
2670357
3086929
919972
928984
3313029
2631561
2401494
3386583
4169318
2065722
2413902
1367040
1697438
41926
2179293
4539718
4175778
4936958
3106632
31436
2948296
4580943
3664620
3547619
4903802
1217547
4692668
3052769
3799047
2426451
2966886
2179994
3617043
4846751
64853
1608382
2365359
2033514
2785167
4417871
865667
1870204
4071038
2917757
3482792
1048277
4601035
4185183
3475474
860339
4521702
1024656
2998506
3594689
3807074
4988068
4029946
2684828
443646
403846
4016194
983682
3669503
3516911
3721704
825433
2576120
3269829
4418699
2360602
31660
657614
4574008
2858392
1174474
435791
3754037
498737
450070
3480133
2073211
1070160
4532713
2015551
237442
3759835
2448463
2095830
2300596
3734784
2344526
4811275
4379011
3601495
1006406
1877819
4001238
1001268
1681012
4945345
4820510
2622093
3796496
2133032
4175816
2983810
4580119
1750987
4684811
4264909
3787427
3176460
3046944
2187783
508213
3831725
2745746
188371
2866965
2924814
4330219
3559212
3385232
4162819
2460686
2597831
3809376
2939537
3714083
4423460
318762
4869958
300588
1164471
2882273
2405746
4545847
3022061
3517576
4306757
2502892
2497949
4174548
689734
1174470
844940
2170479
1223534
4564574
2496221
4787865
657951
3391523
1796883
3655401
1640004
4537510
2518404
4329458
4329670
3631826
3602397
1293377
2163303
728761
193740
3164354
4050687
247817
4296270
4440322
368849
2821917
740117
3558222
860234
3100080
607061
4511867
4791509
1939116
4886571
1887359
1845277
3740257
3426282
2466749
4744992
4853073
4025284
2823070
2849900
1470951
3725074
1323610
1082042
3410504
949888
788119
1568996
2374722
463448
4724904
4760195
2208098
3833065
2189558
1717673
1434146
396435
3799420
2649848
1585406
1207218
4347628
1561373
2759335
2400869
2031855
1535149
112273
2551226
722954
3475802
546663
2463288
84828
2271697
1145951
889800
4902851
1065396
4628455
77824
2411935
4059887
4233214
3946445
2384238
4056889
1462048
3157053
3187543
731305
1976985
1370919
2623234
2132786
1860347
2670583
4153764
2480061
3241323
2912538
939544
4038497
3103189
4639682
3246185
1850946
2728704
3973270
961516
2719299
4864187
829562
3214346
975401
1599095
1599478
1284124
821005
4400495
3470213
4033391
2893565
1622145
2782461
3644327
1497393
2204385
2782358
1021055
4395429
2312163
3818520
3903790
1780952
4317109
2519269
2983333
4684639
2436975
539232
3197429
4758758
3357699
1782457
1051086
15428
493647
672023
3714850
459066
3263185
2895456
4173161
2117961
2942778
3161448
649405
2519277
1434971
546739
3981029
2711993
3667452
724968
936622
2916240
3526220
3344341
2486453
3234557
4317362
2703321
313986
195440
1635586
2450546
978895
950422
3403915
1375908
1855462
2542099
175757
4294978
4450152
1509663
627464
888156
553001
4386490
491951
1185413
1418361
690509
373499
1002495
843518
1707615
1066013
207429
427453
435376
2911883
1763893
2998455
2709622
3028412
4939097
518704
991985
1546222
2346577
2389579
2353645
1365476
3883358
4687377
3971988
586158
4163341
41040
95149
1404768
3093886
2128224
1873653
4710244
2710544
1253953
99608
4848044
4906026
4422496
3213772
3908479
3907369
4387192
2779851
1172277
2826401
3412821
4759979
3433214
596882
337780
2771419
3665628
2228073
2977351
4100412
797361
272879
1488532
983705
2421426
4601426
2794877
2163845
1054587
2875534
3349466
4125648
2644029
1815224
4519106
130853
1169362
2693095
67497
413571
2880497
560895
1842147
3131990
541629
656603
3084103
2476274
3563832
3040727
1834671
3783403
2854997
3633655
2735771
2255443
1960234
698999
932021
105297
2833476
4603631
1107695
3611994
1497365
3709411
3031432
4438799
1231880
2321189
3383726
3089715
1316533
4729895
976062
4651591
3953456
3992353
3436583
4164868
314108
3337307
182124
4990261
2891421
3944280
4170504
616558
4668299
927967
1961323
4210220
2386690
3697638
1647587
3527371
2873079
3569182
4530902
1424350
4056421
2843414
345451
2851310
1151492
778252
2047753
917074
777691
129559
496375
1475176
4207341
3938218
2297699
3749421
3134735
568005
4603198
2935167
1368217
4753150
1720004
3521964
2252219
3814184
2476121
3694326
4902503
820957
2217743
3715557
1410348
993517
4937989
3610057
1539235
4082275
2762217
4594379
1447362
3218352
1881053
915695
1192909
3820983
4947959
1509993
456685
4634932
2062755
1983192
1144217
2900426
655652
287715
4492144
4066535
4803511
146287
497193
3659926
4284376
711866
3851810
3124129
1256990
117271
879828
3989920
3680641
3796038
4313512
2523554
3985404
2507503
2789539
4845431
1547725
4883067
2940412
2311001
3352602
715536
4734734
3891253
966445
770023
4022888
4873369
3890720
2231883
4910402
3191227
4274132
3591920
2996747
1115939
3856091
2146797
4662237
4699894
4453814
1666071
1212562
3554785
3432888
2913660
2380016
298846
2022473
446137
3471487
3237222
3396422
1083064
162556
1476339
2814150
3167882
2207974
1187760
400056
4012125
4200501
1203520
1431848
4379290
4804010
2909800
4755104
2762525
4964546
4205146
1130027
2265490
2618052
604319
4080949
2444969
1697018
1297248
2213390
2992693
3963260
233808
3475085
3899238
2089639
4586362
3515217
3840161
4684077
4299170
1196323
1339449
3174662
2277147
17079
3134989
561925
1174629
1144913
4314238
484357
2428096
632133
4245514
1445634
4826961
315095
4291466
1307268
2039344
3952448
1132356
3892917
4076428
1834962
855022
3474900
1025211
968179
442368
1965954
3270370
3765509
778676
1783546
1975614
3609190
4207901
1638238
3852940
2367379
1197921
3324844
4969307
3923559
788693
3926095
3825772
798721
244724
3606930
2916611
2065668
1565114
4602671
2119117
442169
4874851
3407622
935021
2379279
3463867
4088425
2431013
84034
1529954
3349076
4469789
3375064
611998
1604474
3038419
4977480
2631837
1212858
3662368
1408886
4755973
1549872
4230755
1060761
1293050
4978856
4992396
2340734
3058924
428014
1989319
4271717
2817113
4727489
4003714
2257097
4613030
739814
1153309
1458366
4487958
1374040
1081901
1394098
2396068
4901661
3149357
4629525
2229763
1636211
29635
1859861
2716144
2661353
3332458
1473666
1929520
2977419
2239040
1128465
1552363
591094
1547822
4258940
1384869
2918345
1575151
3254470
1217301
2752572
4520831
3076829
4074148
3184778
942114
2847704
3172931
2782346
4885071
3529247
2720809
3765852
740407
3608681
1599464
2477502
3610421
1650976
4594539
4995326
242131
3555810
222286
339402
1469878
236769
479194
2206819
4887336
3697642
2373084
4216176
1475648
1721091
2205280
4508527
2466800
782444
3255631
3179526
3609003
4775368
2302882
4748152
871857
4430230
4331778
534259
3931000
2751575
2635006
4637894
211832
3372692
414888
365935
4091219
2502584
2181005
418322
794976
3093528
1110542
3463558
1211411
3386068
296607
3531018
1916682
4803093
724188
564437
3449398
2136246
1240835
4011019
4205092
1044415
511058
1295627
3541927
3589068
3463422
1997541
4297828
3795916
58125
572777
4940666
919973
4691856
3586971
1038348
4258805
857281
4483586
4495724
1641268
3041589
921439
2842085
4855669
1844605
4633147
3244901
4363147
2647327
4227546
1258565
4791112
1064428
4706891
318007
4680545
364414
4152097
3793099
2666797
650128
4501692
374110
2650060
2001338
4322880
4094623
3328996
2916935
2403304
3434687
606215
389813
1657779
157109
1260529
4287624
3851196
3305835
4873197
3312139
2842535
1938376
1990614
2947620
204855
4287195
3780347
1755923
4530621
3772129
925980
1500039
3206252
574963
2385041
3349917
2417031
2961039
1487498
3246645
1879867
1035904
1412593
3948595
2950345
2453741
2515308
4601615
3023259
4020412
870846
1394074
387384
958625
2960333
2857614
214355
2793351
1542526
1810384
52094
323609
598204
2675652
4692860
3557869
1276696
1032845
4170803
3102285
4705418
2602272
1980480
1697316
764118
1353859
3965669
4043010
4347914
1230504
720862
276620
3035236
4161312
1645265
2682435
749712
1053118
4977891
1135599
3929934
3367049
4647975
1995559
3381682
2621724
2868721
1989824
3268997
450462
4061193
3846096
4874313
3727770
3972027
1527197
2819610
2581050
1615883
2752423
3924912
4105957
538886
2663631
4482561
2463538
3735476
1511011
3433283
1508359
1740714
4713543
2104847
2367827
2975868
3704129
1329185
2034148
2058703
1178080
2707452
3597669
2516236
2361290
4244075
1814200
3180464
4655393
820962
4454252
632128
2352338
2859010
4850011
2373658
2005242
392443
2834275
2080807
1431732
1252748
4821887
170925
4165443
4131622
4486145
582465
2371161
748206
4986542
3480089
4679234
1836193
2087222
3542464
3633072
1122899
4388430
1210850
4277603
4593360
1833708
4703431
869428
437347
3486558
2497117
3254591
1876597
3841352
3195949
3761451
2219084
4876920
2363952
4528600
4193589
697575
4192187
58147
3062013
3567439
2318933
1304024
1990041
3841123
3593385
504437
3882405
2085936
2237143
4690903
45129
2099662
4514084
3463684
550776
828674
3652562
139156
446098
100276
2875275
1630588
2563690
871175
1304055
2359992
3491169
2756058
3575917
1247189
1373425
31515
1829701
4481688
2321478
1734083
2642828
2296590
3806598
1402353
4587217
3160433
2252402
3896359
1650268
3876644
2440219
3913790
1716076
4368120
2823163
1267076
4884443
3198599
451073
1622789
1944537
1268687
2448366
930971
2749153
1603950
2363301
2873006
3183541
2157197
3290599
4015659
3331951
1115162
3165607
1593876
2711910
3092461
3976138
4568690
3978553
1311628
593405
3114853
2095995
490442
841266
3314460
4437883
1058442
764472
1298143
1979950
6049
3303221
1808457
2595323
4237529
4740483
607444
271523
3307794
2497637
4037837
2650636
2445060
3150309
61222
2206248
4716639
1081675
2852714
3125766
109011
382395
494155
2208053
2955435
483180
3533655
4596304
3837012
748609
487113
3669355
706428
1078662
1199036
1719769
3188694
4122248
4168570
4693399
3588794
121872
2731251
3662232
3924712
3314622
2964297
2470829
251757
2633983
3530504
1698193
1266014
1447339
4974579
4569870
2512641
828541
1257081
4633744
2220044
3623984
3946119
4519428
2381509
4187698
1002551
2010733
2791688
4122759
789414
1233731
327527
1142525
4622243
4892935
837291
212104
2443971
4549352
308409
1138425
3262417
2159563
2131920
1239967
4010786
294907
2589999
3111738
2599367
951725
2898132
3237912
617565
3415470
1600030
2902223
335934
4734507
1783188
2460630
620698
1627869
2499582
3074304
365984
3184335
164017
3993301
4453333
1655501
4266857
3396494
2492296
438635
2749902
3801517
301468
1457647
1029081
239479
469892
1044316
4173968
3130383
1640718
3885660
1233901
3593329
2028758
2746568
3118557
3242567
3345435
3231703
2916516
4085803
935470
3085666
2396445
2164090
3633926
696144
2206239
4337489
500721
3561507
2419644
2794791
1937957
663453
3546275
3072839
1275573
2880400
2349733
1933224
3143199
1289409
4333012
1586346
4571522
3075192
3101832
437487
656748
1439975
1494075
1975316
437074
3599605
3712404
3868363
2392537
4916581
1774913
3721367
4938513
1749352
2575421
4983138
2770625
3688827
341617
1757758
2251933
1288382
3094327
3942518
2456788
2998675
2099513
4117713
2800646
939503
3931000
3472227
366547
4823872
1055337
2745871
3712718
1088827
4806457
3894748
2724177
1278849
671409
2461491
2229482
4083117
4721461
316402
4055027
4031997
2015335
1401777
320896
2143642
1270633
3540687
4146545
150533
2088895
1971959
3905382
3943776
622418
1632181
1410130
3853655
4345168
2815662
84969
4666921
2665777
4789441
2235635
3765847
3968405
4334905
35202
3502823
4813577
2660012
3570560
3344597
3533929
2831923
4158626
3493015
546399
4889925
1784377
2294603
2928777
1155122
2204135
320640
3605241
648954
579758
4955038
3416086
3180552
2019556
2684659
1516895
3627662
431555
1582042
2210832
4730750
458205
341130
181725
2065633
986156
1028408
2569371
2437208
371847
4645546
1628670
2860846
4699441
3677146
4264509
797334
1824460
3472978
2962117
56043
3216011
290845
2146542
4898117
1635212
4201512
1989335
1586629
763648
1677125
2367957
2888957
387721
317076
2586856
3411067
2294939
920545
2452021
302452
4651207
183722
4199772
571101
2485412
3320574
3444661
636121
3797340
3823296
2717036
4217357
2682128
2545483
210550
4126607
1285545
174127
2946223
527484
3038204
578138
502034
140328
1324441
330835
4250900
4480112
455473
2627935
2644253
907884
1164129
3380550
2611108
2671681
1499743
1623407
1809062
4473363
2454912
1156840
1953154
2181655
498467
2587330
831284
902982
2063230
1477785
1351404
2451629
3224451
2321074
1199242
4127713
1207598
663101
575353
1238481
2575854
399481
2313509
3818868
3693805
1250679
3914842
697057
1902142
758262
2744058
2708349
4356898
413357
4077403
2240782
3607351
1918888
897467
353262
3832958
374346
1140192
3041628
3947015
2227441
3936336
4803949
451835
2012534
2691882
4593696
1910790
3631571
3988384
989262
4887967
1475296
2668178
3828800
3525301
3450998
227591
1597467
548407
2632244
848202
1929078
4325440
1514912
2151583
3261452
4379422
2371109
3384353
361613
1178814
1316026
4882169
3836111
3148597
4032420
4047677
4919970
3670189
2159442
2204898
974208
1105322
1603173
1345952
4573475
545528
3618515
570593
1560561
2906547
734049
1906212
4984467
829427
2316173
2278261
2716899
1698130
3385614
3906817
1820099
4778138
1056243
472152
1373579
4533328
1665768
1615748
1360538
2695831
4249880
1565760
4382158
921859
2212268
3566935
62414
1295995
4096945
4083675
2004100
169930
4811927
103102
4041960
1684610
1705621
1882768
4355512
1090701
4986666
4133333
2980548
2271697
186495
4213634
8933
2819967
377641
362836
1249678
4241145
192522
2429838
2308026
3123230
4953047
4780813
4128645
3491187
1116467
4133065
2789847
435311
707578
1893418
121531
216675
133915
3715908
3969357
3453636
3610013
3988273
4052690
2665046
2502914
202378
4509986
4504311
1412040
1579009
3200000
1824838
296972
718942
4103754
48942
4019146
2033748
1713483
3571666
1257663
4942080
731118
3895895
449967
3720701
2848398
2860936
3858179
2690918
3808232
1051434
2752138
511017
3035378
1015326
1713120
4902660
3646533
4230892
3495084
4497568
342133
638578
3292291
551046
3064577
291816
2565162
3678274
4213798
3878286
154488
1879955
87374
4563125
1076634
721419
82149
1959
2568497
826633
3569741
4352373
1982102
3614609
4154663
2900571
4678589
3154821
271890
3063313
4595447
1874755
4746032
610289
1714065
3376346
3838243
1978175
2551770
710825
4479064
1495770
3776898
496214
733561
2164734
2834142
1553960
565702
3208884
3389256
2819138
2826622
1348631
3637156
2434173
502455
2396610
4369213
4930080
950093
1187291
2516621
3663550
4445623
4857975
2824667
4939757
3011573
239785
1890815
569950
2879909
2507498
3911041
3140510
295094
542630
597600
3061800
1244723
2379361
2121070
1539684
430017
2971780
3852760
3883008
1904996
2205256
1141060
1378218
4066811
4246078
677267
2359847
1645068
2897272
1292166
1360723
1158330
2880983
213948
4947702
3026451
337907
3735449
4066366
1325152
2414595
3414559
4927026
4442723
3373894
1808260
448089
959921
1439896
1863856
1893811
2420896
1177270
3942646
2224287
3945069
174317
3762833
3561076
4304937
2500532
2843233
678902
74048
1875830
2610755
3492708
1989735
2496686
4865675
2882415
1484706
3555628
312160
2612421
1840943
522484
1413557
2629642
1918290
998661
3524320
135400
1448382
768503
2964568
701757
2288797
2001470
2054928
2028595
1972540
232971
4150314
166702
4896918
2515473
1300122
1674462
917947
444517
870744
1311027
1169757
270718
19713
1293360
150583
1905884
506699
1690521
3733403
1362822
1265571
1250822
461206
2887339
1838181
2781658
283329
3066794
2714167
2997261
1012327
4823021
2676035
1919204
2899150
401200
2156942
3751299
249444
2768416
2658170
3712025
553032
1666974
3883732
3746169
449841
2012770
3274075
1452041
3180671
3280636
4376974
1675795
2690844
4373302
2975088
1043193
2460367
4914774
2197084
52869
4507997
3260544
798334
3590174
2412124
3850104
3030645
4233047
2704853
3826308
3814596
3166050
1823253
3514351
908015
1538338
3310224
1296362
402168
2475166
918259
4975694
1325878
525137
1060165
3091709
4450574
3103454
1062968
3698406
650257
247840
2662930
2183718
796658
2888416
3920179
882060
4542114
1577696
3317058
276533
3640778
3291092
127672
2950358
130980
2215728
49673
3524248
3854199
4775644
2674410
4460382
1542509
3236101
3197059
3186786
1073554
744141
1118387
2823037
3647083
3760482
3695226
2956741
3985009
1581228
2757768
2562704
4898409
910048
3851807
2149207
3601185
326194
2436135
4982135
1644424
2418407
577614
1725072
4955114
1485832
337369
4598544
3154376
1928626
4955660
2661450
3393104
1002187
2492658
1938368
4567678
3739343
548426
2051776
2606031
4831816
3285774
3384745
2495197
360924
90465
2788111
3777308
1795264
94292
4854772
4864687
2725451
1181332
1702839
4755688
2466661
1722420
2535241
52251
3577182
3637907
1796633
3743133
744091
2865002
1020434
1102110
4714731
4479860
1000250
3227936
2521271
3844794
3018107
4852499
1958040
651322
1633855
3099215
2747523
1880115
4831476
2961581
715807
1060880
4180783
221315
1513463
2659759
4424748
2356602
2121547
2239052
3635636
2870797
3073345
2847503
3350807
4716895
1097209
1850222
4230169
516921
3322750
3351104
2516649
109216
3621080
1418336
3459340
1999055
3512638
3265914
1774553
2121494
888936
1583285
1865693
2732623
962883
439357
1878494
3764664
1167166
3426219
2955197
3308722
2221570
4344724
1036725
4342933
2119358
2921579
3858304
61486
3211168
1022419
4410072
112598
773855
1279494
2962843
3810096
4999797
1183643
1589191
4288382
2801514
4285303
2821669
4861728
4926348
1896787
1260291
2396075
624443
2089957
2334297
3494498
468960
3607662
4428429
2994004
4021118
3791199
2433810
3859665
1855905
328105
2285099
968394
3995250
1087072
3231630
3751236
674988
4995722
2049827
4902457
3580265
3882890
3698924
1943947
4859222
437796
4766910
3355622
3675974
112492
4127917
1215729
3319522
2593040
1691910
3672112
3809213
203006
2702133
119801
3318213
1003763
4088327
2636880
1352661
3960226
4628618
4009890
918696
2936445
4940241
4051354
3552745
258146
4206612
2023268
3756518
285605
4323252
2409020
395298
2127222
2054875
155186
4254665
4886127
4598978
3105276
2809214
4723773
189516
560695
2246096
2806632
2729040
956860
4159756
1162304
98612
3926683
1643564
4791590
4158004
135351
1385069
322164
1506114
2978814
2815102
4470730
2262856
1343106
4242644
3527606
3625225
3343289
356059
2608767
2152613
2353934
4111814
731534
2873211
2058017
1792135
2466170
109352
1395426
63899
2000366
701358
1343941
2776125
15929
3001841
1945058
4723130
1306290
3364699
3123181
4042596
2690694
4757598
4373645
2532320
4500000
2410649
2128923
4892379
276467
266132
2700728
73369
4605223
3704998
3306443
2061485
4630174
3552438
127574
4525189
4201313
2825822
1572340
3482141
4703404
2488747
704113
373460
1674578
3713281
1367301
2914524
363214
2065436
3917423
4842506
1404008
3409137
2155691
3324365
4509888
4343026
3408911
965371
2373691
122289
3311688
2701063
3718663
756188
4161707
1945295
761164
435046
4874170
4772370
3766256
1435783
3073398
2536639
686663
4350105
987995
2043560
2647382
4174499
2150333
462101
3915138
801715
4823805
1273781
1055130
525092
2313192
3874416
4664062
1543360
2480044
3698776
2158826
1981438
4122039
2933181
2369059
1508588
1662894
3851935
4859048
1669318
3096702
3228997
4277448
380291
2249870
4429393
3069018
2191371
1230919
2194851
3934277
659302
845272
4815029
2161358
730133
103931
847844
3719351
341579
2742180
2076795
929153
913356
1155219
1337114
2195411
3833761
3399177
3884802
1882611
1412789
2315927
3263808
2504368
2379728
4839761
2988852
2907938
2392749
3449634
4953726
527945
3397817
4042937
2320068
2494355
3684651
2826401
1682593
1168506
3583418
3107311
3403181
172297
4977280
1158676
3425125
2451774
1032745
2424594
4695415
4350155
3490391
1716428
30061
998839
3216598
1056501
4113267
4472546
2804983
2568619
2149574
3245349
779467
4408988
2275707
148951
4586878
949926
3634986
1434477
585869
884925
271925
2891129
4496293
3524869
1334648
4454995
867226
4739136
408463
4881173
2695296
4883489
411198
3720383
4876650
386623
3245953
2395963
4813501
4593701
1422065
903676
992879
822534
902160
805824
2512545
2940942
1568625
4910516
3883095
122451
4061831
1777654
1221968
3283114
1032520
51253
3826054
1453527
1401917
727988
4635076
324892
4022185
638574
4642783
1071090
2729299
4178004
2852114
205398
4129586
3043634
1124666
4520442
3030453
4030319
1580906
2024796
3244076
4004083
3963116
4721588
2051542
1400099
250965
3301511
2292808
946567
2174084
1054233
4923702
2077325
4129975
2382783
1914273
3028263
624969
1824786
3950621
4530959
4386124
3046016
4926398
4210602
3512767
794684
2762014
4063946
3001580
3891542
4667278
2834638
1123169
866085
364375
612644
4876168
938528
4519147
2899119
3752293
3445068
1446125
3570947
863596
4136144
580826
1038093
1889405
891684
3295954
3994384
1841469
883752
3589191
1558986
1621586
1330001
2629825
3058677
3924602
616062
2250187
1337257
3631689
3688808
4846718
679903
2836541
1958840
4203751
2752848
4458047
4278003
1131160
2852603
1093241
3421200
4580872
2633862
2026830
3726571
2777511
2880828
2901627
715730
383939
2070645
1500872
1250747
2159568
3241171
4319146
4697880
688983
2350376
1429304
1919939
3883454
3544757
2838344
2971604
2928432
4374286
3310822
3020690
1860968
2268633
4227120
711622
4365599
2429621
2483601
594219
2018128
1908791
299608
1911553
1133092
809103
21108
1906177
4932352
1748745
491918
4348010
2850727
625711
1169155
4290810
4146956
3327309
4762493
1100280
1740664
4914317
3714413
3927662
2444692
2725696
3010278
214773
2886100
4181053
1684761
2697000
72896
813796
4814185
779450
888480
3591612
3856170
3299492
2727300
1748090
4019771
3764662
2795821
4822307
1730813
3951567
635931
2836360
2692335
4462312
3588020
71280
4722856
780938
2259662
3022292
3544688
376800
4691481
3297412
3985275
3318055
927916
3515879
441090
591169
4690090
3278751
2726143
4640873
2904081
3643979
4969158
4721410
3227167
1390054
3655291
4579080
4876769
3508237
4274740
76583
4872921
2162653
3535532
1887146
1265099
3853755
1336288
2440268
1455396
532077
4380553
4911147
1385288
1396005
2604919
643930
4512311
2998238
838343
2224149
512474
185183
3111553
725968
3722288
1502749
3955536
4596776
2153104
260030
254430
2580731
4836826
2099959
2963276
1491219
3835774
36310
4659851
3606845
2541992
3044508
561498
3722424
76167
2998082
3644124
3133961
3361465
437212
2621205
2845675
1223637
4209435
3196801
4876964
3261332
2331565
11537
535667
4577756
2188415
2825283
2729062
1548395
1754018
156380
1413896
2837340
4626635
1696069
3089014
1836761
1837045
3277887
2907923
4088990
1839905
3885765
4197905
2880933
4101437
4074621
1997808
1275828
154787
804186
291332
1119807
1400760
3644689
892846
3258298
764661
4187573
1863853
851904
2739778
2885361
4105805
2815961
3809534
2208482
2799549
2198571
1464988
1431823
3182974
1431424
845927
2313477
282168
3303792
3126629
3609363
284455
889003
759066
2414943
4327794
4606245
2669348
1891236
4360092
1010654
3973315
1602057
1069139
1919629
558779
4436446
794534
3233385
1360978
3090741
1093524
3725651
1056116
3093979
4385599
1205603
4627319
505074
3516608
1749517
1605752
3306732
4316884
4693871
2623844
833574
2831923
4968379
891219
471327
3386433
4460668
2816270
4806611
3846942
666374
2579441
1059832
3760856
3299967
3617644
3519124
3370112
2060995
2734307
1184505
2088154
4780601
1063734
1065247
2546989
417264
3853979
4699996
3609595
564404
4253926
2445058
3111883
307763
119466
3826325
4627170
1562887
1178746
2707687
3410576
4800672
1538505
3196178
1126182
1983951
4250735
3844562
955845
577137
3770828
109436
2770129
4383862
3150599
4393311
2371781
770381
1804080
106870
1858337
464814
673924
2369926
4484798
1662915
358350
531610
2275905
3507316
3256874
4852569
1082158
1738126
2814885
1641409
605652
4455183
1931840
4253442
4265894
18576
3656083
1996345
1326634
435151
148111
2364295
4572298
2388568
855836
3320270
1636424
4830800
2905889
3775368
2651919
3519134
3555681
212227
3250340
2076086
4379906
4561981
1758139
3216836
2126570
2457048
1066790
3868593
254018
4488057
1665065
2056276
4899036
1532675
4752488
3783096
1642929
410476
1645313
393030
2725059
3464568
3604023
1285391
4024033
247706
3964547
68600
2612041
3186852
326479
3904451
4034279
4621478
511741
2709558
2163452
4400619
2890273
2000362
3224794
982988
286672
2946993
3812492
2723439
3194704
1422629
584530
3999904
4081838
121033
1779337
3112010
1521263
4438111
2684969
2320913
3649566
3348102
2312169
4327183
1963076
2609932
191101
1789802
1198006
1988888
4479679
36175
1038152
191149
2785452
4995725
4936672
843036
4862533
1833360
2082469
4925705
2077653
3482680
1679189
2857111
3536915
2179093
4356086
2665907
522461
1968385
1409380
4545274
3207780
4580251
238025
2858504
3155623
1545883
3744811
3136350
485464
1913943
4636768
1723759
2131162
3120529
3922972
3370375
2650988
2313786
4239979
2320217
3502239
915976
2533818
3617443
1423363
1017711
4228623
3264832
4730272
1316158
850649
2411402
2455264
1575321
2991329
4913385
687434
1783631
1028256
2122749
83945
2462807
1652651
1926116
861195
1378284
519050
3857192
4978405
815938
2913254
2387848
2840404
158691
3849184
285217
887614
1737195
1286782
4681593
1927767
4286684
4000000
2130152
121152
639007
1367441
3473700
2708041
1483736
4205081
185255
4374807
1304740
50415
4741375
1028065
1689586
1385452
281714
860180
2705275
4910619
2737163
945367
1493919
293580
4602949
1612264
1335582
4549191
2181267
2148197
4947695
4517726
1358282
4926119
2182400
4276764
4512108
2279177
915019
374745
4586450
3715526
3929234
1625391
2121461
49472
4276663
3109255
354137
2368477
1178554
2271628
230230
4370252
2004687
4205698
4548484
4664998
2930971
2195695
3013122
1691503
1406091
998455
4271331
391355
4496401
3223814
3951350
1168493
4492668
1084070
4490225
2071387
207923
4801904
2207866
1937422
2579343
3152351
4415953
3682021
947410
3657216
20956
4818712
542919
1030021
3633360
2776986
3998326
2759801
2463546
1067096
3792452
4002511
199528
521567
3180709
1440083
4372470
4038810
4904384
3128833
1056120
4370296
4367326
40884
2917633
390124
1681613
1434039
1891598
4157902
393815
4660728
4561426
1540959
902618
3821979
1486751
3013354
2477444
801386
1988846
1899269
306925
657897
366795
3439415
653969
3514375
3529248
2519091
2540584
296049
559323
211779
4703652
4278529
1865663
2782848
4023303
1322453
459397
3545853
873822
2742074
3801708
2835268
4455453
3179142
1492580
2537912
2468120
3415940
3300563
1242714
4872092
3025674
1605505
4327655
4944744
1713383
763495
186397
1159819
4788729
1336655
449950
4723035
2941595
1659495
1021550
3785871
1391099
4101864
3610071
1976826
886537
2710494
593004
1219493
3627723
4581395
4351722
410951
1322189
1850780
2409721
298147
3970550
756095
4035282
3629054
2930550
422783
4913212
1407292
2205788
3987142
2647023
4121943
1059140
1497711
3131929
1046970
3871662
3482861
4606078
1449472
3664681
54619
1334650
357636
3049581
108128
3576866
724516
3269897
3917118
3371017
3251287
4376625
977016
4409630
4401576
4710713
695390
2223859
2986831
3622687
333174
4433496
1225706
4369154
1624457
1907494
4576413
1420977
465735
3034328
3591427
4304351
1983063
322067
3880271
3531826
433663
1164998
4444548
4927930
3022317
1504748
1956429
2835647
3870368
4357870
924218
1903027
4120630
3532646
4685975
1259910
570834
3320639
169131
4488920
1702057
4194936
4335498
3231434
4892906
1732487
2217687
1778221
1902536
2325274
6554
60700
108645
863672
2352186
3739686
2437148
919110
833943
1615011
903403
2503654
242950
2520488
1457916
2743930
3152618
3768533
1827982
4288838
1920747
1727435
4425284
4754868
2813974
1873787
2891978
1244465
2158161
1387098
2641184
2654772
2213561
997808
1146629
764062
3620570
611600
4632384
3704892
452490
130978
3096653
671274
2932962
4096924
1936867
2930131
1910298
2521871
2264350
1344595
441600
1863454
602766
3276221
3357781
4385289
155867
1175288
2905540
326055
4871187
2626372
296896
3622642
513938
3400795
3885113
183484
4166925
1212594
1801402
2348800
2622395
1481310
4942882
1766931
4415200
3691796
4288572
171386
1677495
4435145
2262526
532885
4447355
3384248
4916187
4122936
1618642
2659202
636933
4262682
2884887
2644399
2282690
1490150
1127106
2818706
3897514
2899247
2590390
4292171
846459
4008193
2669735
1708390
4585560
1941394
2564839
3693729
3814053
2528792
36299
2749963
3908535
1679924
399038
2514760
1394172
2090955
1039970
3329969
30951
3898166
4015326
2233752
3252949
2018127
99720
159017
2570753
3077676
1781872
3491948
2536032
1259368
1670983
2266790
3711579
2542428
3220523
1464928
1294503
392301
2749264
896255
258050
1035775
91404
971282
4678923
3739080
2116095
3502507
1876798
2573183
573852
272100
54988
3177074
3111321
1343235
607827
1430775
4335855
3285560
2574271
1771578
729230
1507203
4062012
1448374
3985569
3596594
4265495
4568255
1082361
4108488
3134768
3693819
850648
2110074
2533214
2784113
2015773
4725906
2929759
1242169
334023
2072822
2924218
3122451
764071
3047556
3488756
3484052
4802534
1258068
3448427
2186812
538032
75935
2803921
4047266
1352956
1465597
2999305
869584
1958842
1004874
932503
1745067
4370840
1642658
2450311
3214859
3762864
4711308
4205854
2172265
4467153
1733491
2958324
1216822
1290408
3520271
172150
2477064
3073418
3771043
968503
496943
1502305
1601631
3212398
1385894
698034
356005
1654352
826021
424967
3188585
3439947
911956
1987133
2902705
2990236
575066
1240108
1983996
1457485
4879826
4187694
3720639
1570191
4576159
183054
1591562
1024239
584150
1039567
1619530
2511992
4798746
671446
2526183
4633446
4910982
4139381
4426189
692546
2403842
1464980
2297800
182047
4824184
4929022
3975689
3561199
4044193
425094
1877638
3990146
3307961
2235796
4948989
3243165
1169553
1110607
2944536
3946099
2262595
1395112
2102572
3101059
4521407
2069889
115995
4946253
1904068
402105
1655770
4666098
3888299
1932950
1318733
1444967
3292893
3851405
662095
1682389
312549
3280112
4998029
3307281
241632
553332
868050
265075
665105
1369950
2193117
4826453
822865
2327882
3798190
897386
2999203
1290840
4715552
2371704
2541222
244
4703535
1141427
193828
4382911
961947
2948472
743239
3378399
3819750
3691938
639786
2906912
1832759
4998093
512845
378885
2108577
3313637
2025443
1042480
4672125
3643625
4642630
4224489
2457587
2947714
2418570
3389326
2664984
4911098
4966575
4937943
4163441
2476187
82224
3597637
2719894
489317
3547192
3114279
23346
387179
4903988
3773577
4764967
518922
3992452
1019833
2750862
1406151
3751307
4203511
4066908
2442116
1635557
2262520
2283680
314335
2790200
169239
3492648
1385831
4637859
3697049
346052
1347836
579668
4786779
4536802
911938
63798
4092314
1603096
3691841
3637895
3304415
3912897
4668509
4594055
1010693
3956670
2864109
940172
1286440
4689758
3860217
3298483
1148012
812504
3521685
3197425
704295
189941
2721748
1685767
743468
4712779
4102635
2334420
4777973
3159779
2919332
4645060
3912748
2582332
3157435
4637478
