4592887
3989756
2146919
4974067
624084
1856884
4331473
400810
4810722
4816131
4882921
3806580
3305034
2990641
4801601
3361480
2611370
2211591
2064592
4060604
632737
4914324
114383
4595480
3328442
4614029
2768435
4694406
2181618
2782735
3031943
3954533
3112103
1853313
4029413
687356
4749728
4082965
3778769
2501515
1924787
1307309
4928817
2679357
1372247
4320154
4602093
1295803
485127
2277759
303647
1757274
1493646
879828
1383159
155508
812661
3520967
815790
784916
1867783
1527164
453669
2207371
3090558
409653
3310682
22303
1125708
2465997
2513157
2410275
4886919
783839
1610965
4790498
1163441
4711620
417474
2755189
4611939
3082232
4764431
4061172
3499798
3920734
478238
3110217
1365838
559642
436655
2293472
2262052
3619612
4902007
708347
4261294
1026813
1617497
2606497
2344013
597121
1956227
1628278
4314130
1290621
3530792
2134950
4390349
3855698
2468053
3218171
337012
4978711
4727218
2588303
566893
3828693
883928
1440539
144121
2290347
3436553
3788781
9468
333970
4872656
1410424
3800941
1083
918454
1739525
339926
1891541
3230558
3743240
3265800
3095018
4317566
1550733
3786847
1172265
3658042
879889
2830189
2176510
3312991
3970542
1193222
455197
3743352
431982
4626088
4335262
3994896
4581696
1852548
4338499
1519430
973383
1071981
451221
1699078
1936592
1559260
881195
4913001
3385948
3304542
1708556
1722027
1285596
945243
1523372
713157
2748923
4331587
3320467
4167271
1230613
2801942
4442523
2990100
2987909
589200
3594456
2454105
530267
1669296
3133650
3291563
147693
2228900
2633965
2946140
4792324
2751059
1884842
2689274
1499256
49158
314438
598404
1672150
2184244
4745984
4331402
459325
3230120
2395768
4438560
2635592
1325009
2562739
1572222
3224293
1998310
1738619
4900727
4700292
4897460
2951651
3742548
2064620
3364613
3873641
232077
4521063
1487342
1738868
4390051
563230
2059638
2630140
3876381
1431295
1321246
2255752
1990749
2121434
3389714
3666835
2695069
4614155
4737898
1112264
4961356
1858834
900893
1007789
4927551
132607
1668611
4245212
1415830
3370632
3291844
4429419
706732
4104765
4988195
2552685
4215802
1198162
3919905
2724882
4872393
633179
280079
2405161
2090129
1273431
2693939
1810310
554291
4864931
4417750
1463551
885008
4881552
3619881
1352208
1482052
3916814
2328465
2539870
483779
2111431
2446550
2878553
3607438
3731848
1026723
3328634
2441233
1174682
267067
304876
2623580
4155631
4184825
2945415
747324
1937080
4452801
1180215
4479797
4332371
2837833
3770427
1180447
1470690
4567678
4944585
1150555
3600695
4117972
3653456
3430832
780395
4008045
2535381
2807237
2327310
4721125
4220927
4373885
834424
1600184
2920750
1044715
4479998
1870865
4693637
2544624
3257857
380783
2685448
3512888
1922784
4052726
85281
4904461
157389
1357776
1870973
1561430
2160765
2724286
4148371
4522609
3600313
3494015
4935365
2266984
3792018
4922971
2011935
4694226
950513
3355660
3675452
3656841
4853644
685770
2303815
1382339
216565
4018802
2348511
4851343
604237
716050
3375188
1244590
4431893
4988499
905614
1871180
2922981
123331
1052878
221081
1485877
637631
1707724
1041929
1562200
1394490
972798
1049892
4384137
1860268
821626
4557130
4338910
1936345
1373874
2698311
1474393
792828
4927519
2846671
3730270
3659984
851769
973654
3951358
3807996
1300898
4238734
560945
2161433
4429666
418430
1272163
4804961
3611213
1290300
34725
1712885
2294209
3096839
2762692
3550794
2859468
2509507
712375
2945650
9322
926097
3256753
3418307
1735787
3201290
329239
3170854
3167283
189401
91084
2649469
2210332
4898994
4462503
2428530
4213430
1747763
205638
80025
409454
672853
4574204
3898241
1254348
3278286
4535782
3587676
3040406
1309191
2799643
2337928
4173970
3253749
403265
1424889
1171881
3362199
3003004
2761093
506215
2793674
4777218
649548
3126623
3740940
788298
3517634
2379372
1549003
4439523
1439195
491154
368873
3418593
3670354
833090
3017871
2889266
218901
4436668
3137195
562318
4449872
242511
3555847
907469
3608724
669244
2787527
2274898
2120932
1895929
2707647
1146533
1720540
1985489
1001327
4284255
1863295
4315304
3977052
3086014
3142299
3682716
2483147
355929
109019
2703624
617885
69869
988841
1704098
934018
4685909
1904381
1143940
2822363
171736
4605063
1552520
4638512
3710556
115509
1609036
4597643
2356857
1320289
1735509
4979311
1335081
129819
3106447
1765112
3625691
3180366
3969266
553040
4593894
3394193
4801153
4669835
4182299
2279116
1156140
952608
1501683
4859717
4706838
1982789
1202855
1741254
2797105
4828006
3906271
1929005
1235780
4631361
2322690
810512
4573710
1801249
288044
694858
540165
2613940
2808382
2358311
375351
4381131
1400526
3302440
1399826
4170095
2298815
596275
2465663
2043098
2213228
3388442
3177256
1488729
2071870
3755334
113626
4847228
1570333
3737855
1168262
4613878
2150531
3080027
4745314
1173720
3017772
1421122
3408941
1236261
4107434
2016026
2557839
3033361
4708821
4979475
4537822
1500699
3557663
2322320
1030781
116804
2587781
1597168
2389407
677290
4347297
2115129
4033769
4596230
2766236
4080033
401846
1055934
3368578
3338232
3845684
4415656
1277678
2883189
4147755
3608861
501924
3933467
2369182
4679093
655997
2887239
3081482
4729700
3606653
2597593
4648395
1694832
1984960
4777981
4625310
3794830
1112723
1653909
706561
3959897
1150752
2720708
3330167
367278
4405185
1075354
4817256
668006
4128885
202583
1736996
4265393
1361328
3776030
2387592
4563979
3119372
4478008
653945
2842078
3970206
2666497
3237262
315828
2752164
3366067
1192650
1030423
1154010
1551820
4310470
4322248
4693995
3730335
4759213
1335128
3927109
2192949
3383265
578725
417413
3723485
4358012
764148
4658129
1756631
3032049
2373800
56069
4624793
3588368
2610333
2794245
1551804
2999592
1864804
1441010
2478086
1044422
1013467
2698168
372244
4659612
1375335
2623299
1026404
4267838
1080529
2328401
13757
3209157
3198010
4648995
2041979
2510422
1425468
831949
1838075
4160573
83935
4486509
2229727
2941874
1042805
3096312
3315710
985022
375571
3070320
3093227
4149495
870060
3256434
1607456
3811303
2931851
1300011
643976
1598027
3594156
2726251
1167462
3468087
2603576
2977553
3712421
1169495
4982492
4367142
3184828
155216
4330629
3634566
105085
1305156
1955322
4746361
1558267
1576757
2721557
4530273
3945814
1068481
2841631
1502667
3246501
514891
2868807
2705639
567998
3679034
1619199
4878549
3002980
199515
3063220
74965
3889102
2437986
1148712
2120033
2606032
4588430
4365997
2776919
2032297
1287274
2957055
4050893
1724584
3641711
1231167
3549449
2609659
4666055
3331528
288649
2721557
3531116
2754800
4475388
4549115
164911
1015581
3804628
909356
6485
1182145
1049075
4546923
2434268
549811
4359618
1764266
3245339
1724139
4863521
642645
3861511
1821338
2067768
714807
4275794
2805988
1933868
4581389
2930477
3513851
1858222
3621798
2923566
1961177
2541037
3742899
802125
3602073
1262315
2065073
29641
1652979
4471917
2186415
3478696
605011
4976140
2891902
4472667
3281684
4618345
4828789
771967
3172574
2909886
1950046
3376704
800024
4205391
4333505
4027672
82828
3871295
105866
2638902
522199
2706750
2234457
1081657
2479753
4411808
1710439
2841691
88671
2612809
1732240
2999915
739994
4533957
1756865
3414971
3542068
625150
1866615
1845534
3492130
4995792
4877279
1081648
3093877
4104778
44268
4753743
339263
565495
1059174
577213
4965044
2804706
2335639
3251583
4884917
3168514
69551
1810904
3043275
2719807
2902920
3516637
4812399
4168677
3884740
4388149
1944069
4102756
1360275
1855087
587305
804801
1093777
3209408
2945058
2307549
416140
1551575
3468404
1634912
359267
2816543
4229330
4196482
118473
2690641
2426671
3101686
3420585
2786802
2381429
1773491
526244
2741488
3838095
4635808
2934838
1197653
4327329
118491
1802038
4456550
1808983
1484774
3930940
855963
14875
2188718
3816989
498362
2571296
1353274
3836433
4221970
3675804
3589612
2065206
3566097
4138514
451383
1952877
4070210
3891853
2438366
93602
4811175
4888937
1210468
1602602
1836911
1704522
3209622
1710981
4234709
1615920
685489
